STRG.4.1_1_215_388	FBte0001316	98.305	177	3	0	1	177	583	407	2.37e-86	311
STRG.6.1_1_821_997	FBte0001316	100.000	180	0	0	1	180	1982	1803	5.14e-93	333
STRG.23.1_1_30_143	FBte0000918	99.145	117	1	0	1	117	226	342	1.54e-56	211
STRG.23.1_1_30_143	FBte0000918	99.145	117	1	0	1	117	7229	7345	1.54e-56	211
STRG.24.1_1_85_273	FBte0000918	98.462	195	0	2	1	192	1042	1236	3.28e-95	340
STRG.25.1_3_380_667	FBte0000956	100.000	291	0	0	1	291	6394	6104	1.70e-154	538
STRG.26.1_5_113_289	FBte0001316	100.000	180	0	0	1	180	1982	1803	5.14e-93	333
STRG.36.1_1_79_354	FBte0000692	85.870	276	32	6	1	271	6742	6469	6.52e-79	287
STRG.39.1_8_1953_2261	FBte0000918	100.000	312	0	0	1	312	3108	2797	3.89e-166	577
STRG.65.1_1_544_729	FBte0000104	98.413	189	3	0	1	189	2082	1894	5.40e-93	333
STRG.77.1_1_160_285	FBte0000118	99.225	129	1	0	1	129	5196	5324	3.68e-63	233
STRG.77.1_1_160_285	FBte0001071	90.152	132	8	5	1	127	1590	1721	3.78e-43	167
STRG.78.1_3_57_263	FBte0000151	99.052	211	1	1	1	210	5298	5088	2.76e-106	377
STRG.78.1_3_57_263	FBte0001066	98.578	211	2	1	1	210	5192	4982	1.28e-104	372
STRG.89.1_1_287_436	FBte0000956	100.000	153	0	0	1	153	4075	3923	4.38e-78	283
STRG.87.2_1_512_643	FBte0000341	99.259	135	1	0	1	135	4186	4052	1.79e-66	244
STRG.130.1_2_503_646	FBte0000109	100.000	147	0	0	1	147	340	194	9.06e-75	272
STRG.130.1_2_503_646	FBte0000109	100.000	147	0	0	1	147	7267	7121	9.06e-75	272
STRG.140.1_1_627_737	FBte0000217	97.391	115	2	1	1	114	1789	1903	1.50e-51	195
STRG.159.1_2_771_881	FBte0000559	91.228	114	10	0	1	114	3388	3275	7.08e-40	156
STRG.165.1_1_98_211	FBte0000266	100.000	117	0	0	1	117	1655	1771	3.30e-58	217
STRG.168.1_2_527_733	FBte0000104	92.271	207	16	0	1	207	5776	5982	2.86e-81	294
STRG.179.1_16_192_470	FBte0000608	100.000	282	0	0	1	282	4723	4442	1.66e-149	521
STRG.180.1_6_1541_1849	FBte0000109	100.000	312	0	0	1	312	5178	4867	3.89e-166	577
STRG.180.2_1_31_459	FBte0000109	98.178	439	1	2	1	432	4513	4075	0.0	760
STRG.180.3_4_1139_1300	FBte0000109	99.398	166	0	1	1	165	2454	2289	4.73e-83	300
STRG.184.1_2_125_295	FBte0000640	94.828	174	9	0	1	174	2844	2671	1.10e-74	272
STRG.185.1_9_2571_2903	FBte0000688	97.654	341	3	2	1	336	5083	4743	3.25e-167	580
STRG.189.1_1_535_870	FBte0000640	100.000	339	0	0	1	339	6028	5690	0.0	627
STRG.164.3_1_25_180	FBte0000023	100.000	159	0	0	1	159	1570	1412	2.11e-81	294
STRG.196.1_18_3699_4214	FBte0000003	98.848	521	4	2	1	519	1132	612	0.0	928
STRG.208.1_3_1417_1683	FBte0000266	99.259	270	2	0	1	270	2694	2425	1.61e-139	488
STRG.209.1_2_1405_1575	FBte0000608	97.126	174	5	0	1	174	4257	4084	2.34e-81	294
STRG.208.2_4_417_620	FBte0000266	93.720	207	11	2	1	207	553	349	1.01e-85	309
STRG.214.1_1_190_375	FBte0001030	96.354	192	4	2	1	189	4182	3991	7.03e-87	313
STRG.252.1_3_1228_1662	FBte0000109	99.772	439	0	1	1	438	4513	4075	0.0	804
STRG.283.1_4_2354_2689	FBte0000267	99.115	339	3	0	1	339	923	585	4.19e-176	610
STRG.291.1_1_1042_1158	FBte0000015	99.167	120	1	0	1	120	6091	6210	3.40e-58	217
STRG.290.2_3_516_1121	FBte0001084	97.101	621	6	3	1	609	882	262	0.0	1037
STRG.581.2_1_679_903	FBte0000023	100.000	228	0	0	1	228	4408	4181	1.38e-119	422
STRG.582.3_1_172_267	FBte0000023	100.000	99	0	0	1	99	3076	3174	2.74e-48	183
STRG.1042.2_1_187_312	FBte0000015	98.450	129	2	0	1	129	182	310	1.71e-61	228
STRG.1042.2_1_187_312	FBte0000015	98.450	129	2	0	1	129	7220	7348	1.71e-61	228
STRG.2887.2_4_1916_2116	FBte0000739	99.020	204	2	0	1	204	437	234	5.79e-103	366
STRG.3243.4_12_789_1271	FBte0001206	100.000	405	0	0	1	405	11700	11296	0.0	749
STRG.3243.4_12_789_1271	FBte0001206	99.753	405	1	0	1	405	522	118	0.0	743
STRG.3243.8_1_538_795	FBte0001206	99.618	262	0	1	1	261	11138	10877	3.35e-136	477
STRG.3487.2_1_103_219	FBte0000288	99.167	120	1	0	1	120	816	697	3.40e-58	217
STRG.3487.2_1_103_219	FBte0000288	97.521	121	2	1	1	120	970	850	7.37e-55	206
STRG.3487.2_1_103_219	FBte0000288	99.029	103	1	0	1	103	662	560	9.60e-49	185
STRG.3586.1_1_192_290	FBte0000100	100.000	102	0	0	1	102	3445	3344	6.11e-50	189
STRG.4703.1_10_2016_2240	FBte0000660	99.561	228	1	0	1	228	4697	4470	6.40e-118	416
STRG.5692.2_1_374_463	FBte0000100	100.000	93	0	0	1	93	6559	6651	5.49e-45	172
STRG.5695.1_6_1031_1249	FBte0000100	100.000	222	0	0	1	222	6625	6404	2.89e-116	411
STRG.5869.1_1_38_163	FBte0000626	93.182	132	6	2	1	129	956	825	2.24e-50	191
STRG.6687.2_6_143_418	FBte0000359	95.357	280	9	4	1	279	3837	3561	1.31e-125	442
STRG.6698.1_1_89_229	FBte0000333	100.000	144	0	0	1	144	80	223	4.12e-73	267
STRG.6698.1_1_89_229	FBte0000333	100.000	144	0	0	1	144	7217	7360	4.12e-73	267
STRG.6698.1_1_89_229	FBte000XXXX	85.714	147	15	6	1	142	80	225	4.32e-38	150
STRG.6698.1_1_89_229	FBte000XXXX	85.714	147	15	6	1	142	7305	7450	4.32e-38	150
STRG.6776.2_7_2030_2425	FBte0000003	98.507	402	3	2	1	399	2642	2241	0.0	706
STRG.6868.1_1_58_177	FBte0000559	94.309	123	7	0	1	123	566	444	7.64e-50	189
STRG.6879.1_1_95_199	FBte0000926	100.000	108	0	0	1	108	118	11	3.02e-53	200
STRG.6879.1_1_95_199	FBte0000926	100.000	108	0	0	1	108	6070	5963	3.02e-53	200
STRG.6854.5_1_65_163	FBte0000100	98.039	102	2	0	1	102	8720	8619	1.32e-46	178
STRG.6901.1_1_239_361	FBte0000151	100.000	126	0	0	1	126	4479	4354	3.58e-63	233
STRG.6901.1_1_239_361	FBte0001066	100.000	126	0	0	1	126	4373	4248	3.58e-63	233
STRG.6901.1_1_239_361	FBte0000472	96.825	126	4	0	1	126	4780	4655	1.68e-56	211
STRG.6903.1_7_3018_3419	FBte0000974	100.000	405	0	0	1	405	2132	1728	0.0	749
STRG.6904.2_1_598_720	FBte0000151	100.000	126	0	0	1	126	4479	4354	3.58e-63	233
STRG.6904.2_1_598_720	FBte0001066	100.000	126	0	0	1	126	4373	4248	3.58e-63	233
STRG.6904.2_1_598_720	FBte0000472	96.825	126	4	0	1	126	4780	4655	1.68e-56	211
STRG.6926.1_1_52_234	FBte0000003	100.000	186	0	0	1	186	602	417	2.45e-96	344
STRG.6930.1_2_161_352	FBte0001005	88.950	181	19	1	13	192	1374	1194	1.26e-59	222
STRG.6952.1_1_823_1167	FBte0000151	98.851	348	4	0	1	348	2960	2613	1.99e-179	621
STRG.6952.1_1_823_1167	FBte0001066	98.563	348	5	0	1	348	2854	2507	9.26e-178	616
STRG.6952.1_1_823_1167	FBte0000472	87.791	344	30	2	2	345	3259	2928	1.70e-110	392
STRG.6961.1_1_226_348	FBte0000640	100.000	126	0	0	1	126	1485	1360	3.58e-63	233
STRG.6961.2_3_143_382	FBte0000640	99.590	244	0	1	1	243	2816	2573	3.15e-126	444
STRG.6976.2_6_1182_2027	FBte0000640	98.246	855	9	1	1	849	5847	6701	0.0	1491
STRG.6979.1_4_930_1103	FBte0000666	96.552	145	5	0	18	162	5304	5160	3.15e-65	241
STRG.6987.1_2_365_514	FBte0000341	100.000	153	0	0	1	153	3937	4089	4.38e-78	283
STRG.6903.2_2_790_1116	FBte0000974	100.000	330	0	0	1	330	5860	5531	4.07e-176	610
STRG.7025.1_4_584_862	FBte0000266	96.454	282	10	0	1	282	3443	3162	7.89e-133	466
STRG.7063.1_1_541_654	FBte0000124	88.696	115	13	0	1	115	348	234	2.04e-35	141
STRG.7063.1_1_541_654	FBte0000140	88.696	115	13	0	1	115	3235	3121	2.04e-35	141
STRG.7062.2_1_875_979	FBte0000357	91.150	113	5	1	1	108	2978	3090	1.11e-37	148
STRG.7064.1_1_721_858	FBte0000124	88.696	115	12	1	1	114	348	234	9.14e-35	139
STRG.7064.1_1_721_858	FBte0000140	88.696	115	12	1	1	114	3235	3121	9.14e-35	139
STRG.7065.1_6_1694_1912	FBte0000357	82.547	212	24	5	1	199	213	424	4.13e-45	174
STRG.7065.1_6_1694_1912	FBte0000357	82.464	211	24	5	1	198	3822	4032	1.49e-44	172
STRG.7063.4_2_372_707	FBte0000341	100.000	339	0	0	1	339	3876	3538	0.0	627
STRG.7063.6_1_417_542	FBte0000341	100.000	129	0	0	1	129	1983	1855	7.90e-65	239
STRG.7191.1_3_1537_1755	FBte0000100	100.000	222	0	0	1	222	6625	6404	2.89e-116	411
STRG.7192.1_2_507_620	FBte0000100	99.145	117	1	0	1	117	8579	8463	1.54e-56	211
STRG.7278.1_1_434_565	FBte0000640	100.000	135	0	0	1	135	4156	4022	3.85e-68	250
STRG.7306.1_3_668_1078	FBte0000007	99.279	416	0	3	1	414	668	1082	0.0	749
STRG.7306.2_4_668_1216	FBte0000007	99.459	555	0	3	1	552	668	1222	0.0	1005
STRG.7480.1_1_79_189	FBte0000568	100.000	114	0	0	1	114	1443	1556	1.49e-56	211
STRG.7690.1_1_52_282	FBte0000100	100.000	234	0	0	1	234	5634	5401	6.54e-123	433
STRG.8009.1_1_187_360	FBte0000100	100.000	177	0	0	1	177	3736	3560	2.35e-91	327
STRG.8011.1_1_443_673	FBte0000100	99.573	234	1	0	1	234	5404	5171	3.04e-121	427
STRG.9065.1_1_155_325	FBte0000023	100.000	174	0	0	1	174	1333	1506	1.07e-89	322
STRG.9872.2_1_49_216	FBte0000279	100.000	171	0	0	1	171	1646	1476	4.89e-88	316
STRG.10253.2_4_1180_1503	FBte0000660	98.788	330	1	2	1	327	2342	2013	2.44e-168	584
STRG.10253.3_1_202_330	FBte0000660	100.000	132	0	0	1	132	3426	3295	1.74e-66	244
STRG.10264.1_1_103_198	FBte0000005	97.980	99	1	1	1	99	4197	4100	2.13e-44	171
STRG.10342.1_6_1188_1433	FBte0000559	95.984	249	10	0	1	249	22	270	1.53e-114	405
STRG.10379.1_2_617_736	FBte0000267	96.491	114	3	1	6	118	1753	1640	2.75e-49	187
STRG.10384.1_7_1722_2444	FBte0000982	99.862	727	0	1	1	726	2013	2739	0.0	1336
STRG.10391.1_3_458_682	FBte0000023	100.000	228	0	0	1	228	4408	4181	1.38e-119	422
STRG.10397.1_10_288_656	FBte0000304	99.465	374	0	2	1	372	6343	5970	0.0	678
STRG.10393.2_6_920_1432	FBte0000304	98.450	516	8	0	1	516	5701	5186	0.0	909
STRG.10403.1_1_1165_1578	FBte0001062	99.760	417	1	0	1	417	6676	6260	0.0	765
STRG.10405.1_5_660_968	FBte0000104	97.436	312	8	0	1	312	5020	4709	8.54e-153	532
STRG.10413.3_1_904_1152	FBte0000304	99.603	252	1	0	1	252	2907	2656	3.25e-131	460
STRG.10450.12_1_442_879	FBte0000143	95.034	443	20	1	1	441	1558	1116	0.0	695
STRG.10753.2_2_627_893	FBte0000918	100.000	270	0	0	1	270	4362	4093	7.42e-143	499
STRG.10752.3_3_132_269	FBte0000918	96.575	146	0	3	1	141	2973	2828	3.15e-64	237
STRG.11233.10_2_357_458	FBte0000140	100.000	105	0	0	1	105	2289	2393	1.36e-51	195
STRG.11234.1_4_1750_1902	FBte0001140	94.872	156	8	0	1	156	1902	1747	2.11e-66	244
STRG.12030.1_1_80_220	FBte0000333	100.000	144	0	0	1	144	80	223	4.12e-73	267
STRG.12030.1_1_80_220	FBte0000333	100.000	144	0	0	1	144	7217	7360	4.12e-73	267
STRG.12030.1_1_80_220	FBte000XXXX	85.714	147	15	6	1	142	80	225	4.32e-38	150
STRG.12030.1_1_80_220	FBte000XXXX	85.714	147	15	6	1	142	7305	7450	4.32e-38	150
STRG.12125.1_2_713_817	FBte0000660	100.000	108	0	0	1	108	3023	2916	3.02e-53	200
STRG.12129.2_1_66_248	FBte0000660	100.000	186	0	0	1	186	1644	1459	2.45e-96	344
STRG.12132.1_4_231_404	FBte0000640	100.000	177	0	0	1	177	268	444	2.35e-91	327
STRG.12132.1_4_231_404	FBte0000640	100.000	177	0	0	1	177	6996	7172	2.35e-91	327
STRG.12846.1_5_1134_1325	FBte0000100	100.000	195	0	0	1	195	7782	7588	2.56e-101	361
STRG.12985.1_1_134_289	FBte0000001	98.742	159	2	0	1	159	4931	4773	4.57e-78	283
STRG.13009.1_13_3783_3977	FBte0001062	94.286	175	10	0	1	175	3498	3324	1.63e-73	268
STRG.13010.1_4_630_1028	FBte0000007	99.502	402	2	0	1	402	6454	6855	0.0	732
STRG.13036.1_2_74_370	FBte0001175	93.060	317	5	8	1	300	2148	1832	3.05e-127	448
STRG.13095.1_10_288_602	FBte0000304	99.065	321	0	3	1	318	6343	6023	5.14e-165	573
STRG.13152.1_1_480_641	FBte0001399	100.000	165	0	0	1	165	6682	6846	1.02e-84	305
STRG.13170.1_9_1760_2038	FBte0000001	100.000	282	0	0	1	282	4415	4134	1.66e-149	521
STRG.13190.3_1_216_458	FBte0000675	98.326	239	4	0	1	239	6328	6090	5.38e-119	420
STRG.13190.3_1_216_458	FBte0000109	91.213	239	21	0	1	239	6674	6436	1.21e-90	326
STRG.13190.4_1_142_411	FBte0000675	98.175	274	4	1	1	273	6328	6055	3.52e-136	477
STRG.13190.4_1_142_411	FBte0000109	90.494	263	24	1	1	262	6674	6412	1.04e-96	346
STRG.13191.1_2_12_137	FBte0000037	100.000	129	0	0	1	129	744	616	7.90e-65	239
STRG.13320.1_2_318_524	FBte0000151	99.052	211	1	1	1	210	5298	5088	2.76e-106	377
STRG.13320.1_2_318_524	FBte0001066	98.578	211	2	1	1	210	5192	4982	1.28e-104	372
STRG.13350.1_2_722_1021	FBte0000100	97.518	282	6	1	23	303	1149	868	3.04e-137	481
STRG.13351.1_1_182_274	FBte0000100	98.958	96	1	0	1	96	2458	2363	5.71e-45	172
STRG.13362.1_1_71_190	FBte0000023	100.000	123	0	0	1	123	62	184	1.62e-61	228
STRG.13362.1_1_71_190	FBte0000023	100.000	123	0	0	1	123	4931	5053	1.62e-61	228
STRG.13363.1_2_1760_1957	FBte0001136	89.560	182	14	4	1	180	2008	2186	1.01e-60	226
STRG.13363.1_2_1760_1957	FBte0001136	89.560	182	14	4	1	180	9890	10068	1.01e-60	226
STRG.13365.2_3_558_755	FBte0000279	100.000	201	0	0	1	201	4723	4523	1.22e-104	372
STRG.13369.1_1_244_336	FBte0000292	100.000	96	0	0	1	96	170	265	1.23e-46	178
STRG.13369.1_1_244_336	FBte0000292	100.000	96	0	0	1	96	2929	3024	1.23e-46	178
STRG.13404.2_1_207_368	FBte0000726	99.398	166	0	1	1	165	200	365	4.73e-83	300
STRG.13404.2_1_207_368	FBte0001399	89.881	168	12	5	1	165	264	429	2.28e-56	211
STRG.13405.2_1_61_180	FBte0000023	100.000	123	0	0	1	123	62	184	1.62e-61	228
STRG.13405.2_1_61_180	FBte0000023	100.000	123	0	0	1	123	4931	5053	1.62e-61	228
STRG.13417.5_2_682_933	FBte0000042	98.268	231	3	1	25	255	5461	5232	5.63e-114	403
STRG.13417.5_2_682_933	FBte0000042	97.835	231	4	1	25	255	476	247	2.62e-112	398
STRG.13431.1_2_77_229	FBte0000023	100.000	156	0	0	1	156	206	51	9.62e-80	289
STRG.13431.1_2_77_229	FBte0000023	100.000	156	0	0	1	156	5075	4920	9.62e-80	289
STRG.13432.1_3_1421_1624	FBte0000341	100.000	207	0	0	1	207	1514	1308	5.84e-108	383
STRG.13428.3_1_2185_2379	FBte0000151	100.000	198	0	0	1	198	5169	4972	5.60e-103	366
STRG.13428.3_1_2185_2379	FBte0001066	100.000	198	0	0	1	198	5063	4866	5.60e-103	366
STRG.13428.4_8_1335_1559	FBte0000151	100.000	228	0	0	1	228	6036	5809	1.38e-119	422
STRG.13428.4_8_1335_1559	FBte0001066	100.000	228	0	0	1	228	5930	5703	1.38e-119	422
STRG.13428.4_8_1335_1559	FBte0000007	82.143	224	40	0	1	224	6236	6013	1.17e-50	193
STRG.13432.2_1_113_238	FBte0000341	99.225	129	1	0	1	129	1858	1730	3.68e-63	233
STRG.13426.2_4_201_587	FBte0000341	99.490	392	0	1	1	390	3876	3485	0.0	712
STRG.13464.1_1_246_344	FBte0000603	97.030	101	3	0	2	102	1049	949	2.21e-44	171
STRG.13473.1_2_1537_1686	FBte0000926	98.710	155	0	2	1	153	2447	2293	2.63e-75	274
STRG.13516.1_1_26_118	FBte0000559	97.872	94	2	0	3	96	3236	3143	3.44e-42	163
STRG.13519.1_1_65_184	FBte0000023	99.187	123	1	0	1	123	62	184	7.53e-60	222
STRG.13519.1_1_65_184	FBte0000023	99.187	123	1	0	1	123	4931	5053	7.53e-60	222
STRG.13545.1_2_45_317	FBte0001377	98.551	276	4	0	1	276	514	239	9.83e-142	496
STRG.13567.1_1_111_254	FBte0000359	99.320	147	1	0	1	147	6520	6374	4.21e-73	267
STRG.13569.1_1_361_543	FBte0000359	97.838	185	1	3	1	184	6001	5819	5.34e-88	316
STRG.13569.2_2_374_532	FBte0000359	98.773	163	1	1	1	162	5986	5824	1.00e-79	289
STRG.13619.1_1_118_294	FBte0000007	99.444	180	1	0	1	180	405	226	2.39e-91	327
STRG.13619.1_1_118_294	FBte0000007	99.444	180	1	0	1	180	7458	7279	2.39e-91	327
STRG.13645.2_2_789_1013	FBte0000104	98.246	228	4	0	1	228	2713	2486	6.45e-113	399
STRG.13655.4_1_1444_1668	FBte0000292	99.127	229	1	1	1	228	2908	2680	2.98e-116	411
STRG.13726.1_3_643_903	FBte0000100	94.203	276	2	2	1	262	2877	2602	1.26e-115	409
STRG.13852.1_2_102_377	FBte0001005	87.925	265	30	2	13	275	1374	1110	3.87e-86	311
STRG.14103.2_1_370_717	FBte0000675	98.680	303	4	0	1	303	6328	6026	2.08e-154	538
STRG.14103.2_1_370_717	FBte0000109	90.099	303	30	0	1	303	6674	6372	4.77e-111	394
STRG.14234.1_1_155_325	FBte0000023	100.000	174	0	0	1	174	1333	1506	1.07e-89	322
STRG.14522.2_3_182_319	FBte0000304	99.291	141	1	0	1	141	338	478	8.70e-70	255
STRG.14567.1_1_976_1215	FBte0000100	98.312	237	3	1	8	243	1104	868	2.47e-117	414
STRG.14647.2_4_2067_2396	FBte0000023	99.700	333	1	0	1	333	2800	2468	4.11e-176	610
STRG.14647.4_1_1101_1229	FBte0000023	99.242	132	0	1	1	132	1570	1440	2.92e-64	237
STRG.14702.2_1_273_374	FBte0000179	100.000	105	0	0	1	105	149	45	1.36e-51	195
STRG.14702.2_1_273_374	FBte0000179	100.000	105	0	0	1	105	8256	8152	1.36e-51	195
STRG.14702.3_1_351_440	FBte0000179	100.000	93	0	0	1	93	7740	7648	5.49e-45	172
STRG.14829.1_5_3077_3295	FBte0001377	100.000	222	0	0	1	222	2533	2312	2.89e-116	411
STRG.14829.2_1_857_1054	FBte0001377	97.030	202	5	1	1	201	514	313	7.42e-97	346
STRG.14835.1_3_182_337	FBte0000267	100.000	159	0	0	1	159	3886	4044	2.11e-81	294
STRG.15052.2_1_281_385	FBte0000288	99.083	109	0	1	1	108	816	708	1.41e-51	195
STRG.15052.2_1_281_385	FBte0000288	97.273	110	1	1	1	108	970	861	8.47e-49	185
STRG.15052.2_1_281_385	FBte0000288	99.029	103	0	1	1	102	662	560	3.05e-48	183
STRG.15716.1_1_48_248	FBte0000023	99.510	204	0	1	1	204	219	17	4.48e-104	370
STRG.15716.1_1_48_248	FBte0000023	99.510	204	0	1	1	204	5088	4886	4.48e-104	370
STRG.15716.2_1_48_188	FBte0000023	97.917	144	0	2	1	144	219	79	5.36e-67	246
STRG.15716.2_1_48_188	FBte0000023	97.917	144	0	2	1	144	5088	4948	5.36e-67	246
STRG.15746.1_6_2042_2215	FBte0000640	100.000	177	0	0	1	177	268	444	2.35e-91	327
STRG.15746.1_6_2042_2215	FBte0000640	100.000	177	0	0	1	177	6996	7172	2.35e-91	327
STRG.15748.1_2_108_278	FBte0000640	100.000	174	0	0	1	174	2844	2671	1.07e-89	322
STRG.15749.1_3_249_869	FBte0000640	99.840	624	1	0	1	624	1458	2081	0.0	1147
STRG.15776.1_1_243_470	FBte0000015	100.000	229	0	0	1	229	1327	1555	3.88e-120	424
STRG.15899.1_2_211_327	FBte0000288	100.000	120	0	0	1	120	816	697	7.31e-60	222
STRG.15899.1_2_211_327	FBte0000288	98.347	121	1	1	1	120	970	850	1.58e-56	211
STRG.15899.1_2_211_327	FBte0000288	100.000	103	0	0	1	103	662	560	2.06e-50	191
STRG.15900.2_1_219_374	FBte0000023	100.000	159	0	0	1	159	1570	1412	2.11e-81	294
STRG.15900.3_1_193_441	FBte0000023	99.209	253	1	1	1	252	655	403	1.51e-129	455
STRG.16691.1_6_207_473	FBte0000341	100.000	270	0	0	1	270	682	413	7.42e-143	499
STRG.17292.6_1_13_306	FBte0001206	98.671	301	0	2	1	297	10618	10318	2.92e-152	531
STRG.17313.12_13_3579_3878	FBte0001208	99.670	303	0	1	1	303	3669	3368	6.36e-159	553
STRG.17313.12_13_3579_3878	FBte0000886	99.340	303	2	0	1	303	2217	1915	8.22e-158	549
STRG.17313.12_13_3579_3878	FBte0001207	95.066	304	13	2	1	303	4414	4112	3.94e-136	477
STRG.17313.12_13_3579_3878	FBte0001206	91.749	303	25	0	1	303	4993	4691	1.87e-119	422
STRG.17313.17_3_113_271	FBte0001207	98.780	164	0	2	1	162	8642	8479	2.79e-80	291
STRG.17313.18_3_636_854	FBte0001207	99.103	223	1	1	1	222	335	113	6.26e-113	399
STRG.17313.18_3_636_854	FBte0001207	99.103	223	1	1	1	222	9365	9143	6.26e-113	399
STRG.17313.19_3_24_224	FBte0001208	99.020	204	2	0	1	204	7646	7443	5.79e-103	366
STRG.17313.19_3_24_224	FBte0000886	98.529	204	2	1	1	204	6190	5988	9.69e-101	359
STRG.17321.1_1_85_255	FBte0000640	100.000	174	0	0	1	174	5191	5018	1.07e-89	322
STRG.17339.5_1_77_205	FBte0000042	99.242	132	1	0	1	132	70	201	8.12e-65	239
STRG.17339.5_1_77_205	FBte0000042	97.727	132	2	1	1	132	5026	5156	6.32e-61	226
STRG.17360.2_2_320_430	FBte0000010	100.000	114	0	0	1	114	4233	4120	1.49e-56	211
STRG.17382.1_1_10_111	FBte0000267	96.226	106	3	1	1	105	2778	2673	6.37e-45	172
STRG.17424.1_1_62_154	FBte0000023	96.939	98	1	2	1	96	62	159	3.44e-42	163
STRG.17424.1_1_62_154	FBte0000023	96.939	98	1	2	1	96	4931	5028	3.44e-42	163
STRG.17428.1_5_1404_1676	FBte0000003	100.000	276	0	0	1	276	2317	2042	3.51e-146	510
STRG.17438.2_2_29_280	FBte0001206	95.331	257	9	2	1	254	1491	1235	1.57e-114	405
STRG.17438.2_2_29_280	FBte0001206	95.331	257	9	2	1	254	12669	12413	1.57e-114	405
STRG.17452.1_1_60_179	FBte0000023	100.000	123	0	0	1	123	62	184	1.62e-61	228
STRG.17452.1_1_60_179	FBte0000023	100.000	123	0	0	1	123	4931	5053	1.62e-61	228
STRG.17466.1_2_606_830	FBte0000023	100.000	228	0	0	1	228	4408	4181	1.38e-119	422
STRG.17483.1_1_11_181	FBte0000143	93.711	159	9	1	17	174	5028	4870	3.99e-64	237
